y,t,g,Q
10679,0,0.17594006756869743,8772.838
7257,0,0.044074997552482016,9207.024
9092,0,0.197418137744136,11511.796
6600,0,0.003866664219148691,10612.066
7631,0,0.022122938138466088,6150.428
8221,0,0.022122938138466088,12767.212
9542,0,0.026768138781296677,15515.842
15404,0,0.014840728715728713,13419.02
3448,0,0.0009211751662971177,5327.656
4632,0,0.001717572227781029,5301.796
5920,0,0.004074997552482024,6590.598
4076,0,0.07676813878129668,6178.624
7299,0,0.0009211751662971177,9498.694
6870,0,0.008022300660655431,9302.45
8243,0,0.05376112467262481,8564.876
8655,0,0.0009211751662971177,9149.634
6433,0,0.004074997552482024,9431.802
8233,0,0.08618829407748184,8292.36
10578,0,0.035467746625355324,8603.83
9821,0,0.08240383862065795,11361.454
9780,0,0.004389048043459808,7899.71
11673,0,0.004754728278755739,9166.452
22305,1,0.09530547741877753,14114.604
14381,0,0.0009211751662971177,10701.614
25935,1,0.26335024080134484,24118.312
34567,0,0.11478880592438073,32253.964
34814,0,0.11165785837115844,16188.056
19189,1,0.10623862813816189,15196.042
28582,0,0.1602381560262165,27729.71
7873,0,0.19031248409601312,11366.51
9982,0,0.2039656923787529,10982.192
28824,0,0.014840728715728713,11350.826
11237,0,0.029267175402384202,10862.576
9363,0,0.21475967617273672,11988.78
16668,1,0.19867806799948962,21632.706
14435,0,0.2840188136062648,28866.0
39590,0,0.11478880592438073,25643.772
23526,1,0.2826362628150865,24687.89
12966,0,0.21423000324533512,9829.834
35426,0,0.07084858835915255,29142.354
8052,0,0.01600472827875574,11714.358
26402,0,0.23362392214534367,20123.592
25657,0,0.20818807926482003,24642.412
26383,0,0.22614350995774785,21999.038
19619,0,0.10532477719722111,13585.026
23796,0,0.23684200243966236,24774.684
20650,0,0.20543368082184682,23632.73
15063,0,0.08824037822023904,19208.518
24940,0,0.034449301902367495,21318.564
19880,0,0.1622388725119274,23582.724
16853,0,0.24097267532207944,10769.056
9064,0,0.06692764814446747,12622.564
22269,0,0.1589150017884619,15192.65
20572,0,0.06084858835915255,36354.012
8656,0,0.004228412489282054,8522.796
9454,0,0.004754728278755739,9025.212
12397,0,0.04899533511014195,10152.72
8590,0,0.22087278528584586,10212.484
11242,0,0.08458042592224524,9418.258
7910,0,0.008205947887209322,9466.888
18184,0,0.1749199742080347,28335.076
9078,0,0.06473717195399127,11600.624
9916,0,0.12431858801449716,12295.836
7217,0,0.0019240620490620492,6111.198
9407,0,0.05420346966367846,7845.074
18608,1,0.1766195449454658,13616.896
31609,0,0.17725969246079643,28451.708
33922,0,0.17054811237421635,32363.29
29207,0,0.1520803350135213,24416.024
9142,0,0.001717572227781029,8938.748
23798,1,0.22406542407859015,23116.72
6965,0,0.0009211751662971177,5173.524
17594,0,0.05760398973667416,20362.55
4694,0,0.0009211751662971177,4476.796
14786,0,0.05053879579176053,10906.36
16851,0,0.0009211751662971177,8172.408
